$ANSIBLE_VAULT;1.1;AES256
63333264333230306263653762353662343534613163363865323838663731623563396639633765
3932396434366333616137343961666262373762636263640a616533646436613839626332386239
37323433363632653930373430343038333733656638373662313362323438386163623936386130
3862303437386265660a663833396136393961373836363035343563396531383531333838356236
31316431386435393739613438366530376131356365613865623431303233663561616539643664
32333835643530396164663237633034663130373434623561383433643561343465313266326562
30366636386438303832623663653032646332393236343034373834613635383139336264643662
63653335383234343765306331306363656364663933323538303065366434643739333536623830
62343032316366366434633130316465613963663364303037343231613666396630613737393262
30613237653237643839626664343566643732333435613565353464363162613263353535396561
64313166346562336239613065323237376461663465373965363335636339663562356261353062
39383361363937343932636238343561613138336137363461636238363337393662393564353232
32643139613530346461616363363566396435633364363264636261613937366463336136366430
66303438653961353436303734666335626532336566356236396132636139623337623536303364
33373236333165616631336265666637656664333431313737356231663931366263633931623832
38333233393038333738646361653734326434393462333139383866343632633139333737333239
36636237383831626631616130353166636364316238363631396131343665343835353365363565
63303065346536613130353535396535373335623636613965373362376537656130366233303832
39303034386438373235613431313131376238343536626561373436646465306336333033383834
33373133323933306137383534313935633465626637326334306332383135386162383765363433
62353739643734306338343336323966643636626637663939653765383961663863646562663662
37393637383535646538393662323237346535653230363234303334313732623165613931343535
30613061633961343039643731393836356562386335623839643864623835363630313761626130
39626564386265383636653239356232316163393037623435373765343630653664613933316331
36623630643262333230663462646132346465353231396362333166353935393736353437306432
38346235623966626439333031623434653136656335626462313562353964643534303436613835
37316131633566313766333536343330363964643131393436333765623330373334363237613663
37353433313762656632636466373861626132643638313762616362386132396635663866613530
39656261613861313236656361343237316539373635623566346663396232303566383036336563
3331306436663739353566646665306365393933316330613635
